function [dat_chicun,dat_jiaodian,dat_xia] = xlsData()
%% 十五个长方体障碍物的宽，长，高，第一行不是，第一行是地板，不作为障碍物
 
dat_chicun =  0.1*[0.1,  0.1,    0.1;
                %624,   358,  700;
                %140,   173,  267;
                %121,   210,  105;
                150,    90,  130;
                %150,    90,  130;
                115,    88,  122;
                140,   103,  142;
               % 140,   103,  142;
                135,    75,   91;
                %75,    160,  216;
                %75,    160,  216;
                111,    60,   98;
                118,    44,   31;
                %75,    160,  216;
                75,     88,  125]; 
 %% 十五个长方体障碍物的角点坐标，第一行不是
            
  dat_jiaodian = 0.1*[0,0,0,0,0,1,1767,0,1,1767,0,0,1767,1679,0,1767,1679,1,0,1679,0,0,1679,1;
                  %704,573,-80,704,573,620,1062,573,620,1062,573,-80,1062,1197,-80,1062,1197,620,704,1197,-80,704,1197,620;
                  %1550,1539,1,1550,1539,268,1723,1539,268,1723,1539,1,1723,1679,1,1723,1679,268,1550,1679,1,1550,1679,268;
                  %150,1280,-74,150,1280,31,360,1280,31,360,1280,-74,360,1401,-74,360,1401,31,150,1401,-74,150,1401,31;
                  264,1080,1,264,1080,131,354,1080,131,354,1080,1,354,1230,1,354,1230,131,264,1230,1,264,1230,131;
                  %264,910,1,264,910,131,354,910,131,354,910,1,354,1060,1,354,1060,131,264,1060,1,264,1060,131;
                  398,1020,1,398,1020,123,486,1020,123,486,1020,1,486,1135,1,486,1135,123,398,1135,1,398,1135,123;
                  447,858,-40,447,858,102,550,858,102,550,858,-40,550,998,-40,550,998,102,447,998,-40,447,998,102;
                  %447,710,-40,447,710,102,550,710,102,550,710,-40,550,850,-40,550,850,102,447,850,-40,447,850,102;
                  537,565,-41,537,565,50,612,565,50,612,565,-41,612,700,-41,612,700,50,537,700,-41,537,700,50;
                  %1450,1320,1,1450,1320,217,1610,1320,217,1610,1320,1,1610,1395,1,1610,1395,217,1450,1395,1,1450,1395,217;
                  %1450,1201,1,1450,1201,217,1610,1201,217,1610,1201,1,1610,1276,1,1610,1276,217,1450,1276,1,1450,1276,217;
                  1170,579,-48,1170,579,50,1230,579,50,1230,579,-48,1230,690,-48,1230,690,50,1170,690,-48,1170,690,50;
                  451,1160,1,451,1160,32,495,1160,32,495,1160,1,495,1278,1,495,1278,32,451,1278,1,451,1278,32;
                  %1390,640,1,1390,640,217,1550,640,217,1550,640,1,1550,715,1,1550,715,217,1390,715,1,1390,715,217;
                  1262,525,1,1262,525,126,1350,525,126,1350,525,1,1350,600,1,1350,600,126,1262,600,1,1262,600,126];
              
              
 %% 前三列是十六个圆柱形障碍物底部圆心坐标，第四列是直径，第五列是高度
              
 dat_xia = 0.1*[ 952,1330,-51,50,181;
             882,1330,-45,30,123;
             1450,1600,-43,30,123;
             960,1570,1,60,215;
             360,1570,1,180,370;
             657,1570,1,180,370];